Pos	A	C	G	T
1	0.15173116089613	0.158859470468432	0.0814663951120163	0.607942973523422
2	0.0654648956356736	0.934535104364326	0.0	0.0
3	0.0	0.0	1.0	0.0
4	0.0	0.0891840607210626	0.910815939278937	0.0
5	0.454890788224122	0.224121557454891	0.238366571699905	0.0826210826210826
6	0.157495256166983	0.318785578747628	0.371916508538899	0.15180265654649
7	0.307692307692308	0.41025641025641	0.206077872744539	0.0759734093067426
8	0.535612535612536	0.0	0.254510921177588	0.209876543209877
9	0.144349477682811	0.705603038936372	0.150047483380817	0.0
10	0.314339981006648	0.0	0.0	0.685660018993352
11	0.0759734093067427	0.304843304843305	0.388414055080722	0.230769230769231
12	0.0	0.241935483870968	0.0759013282732448	0.682163187855788
13	0.0740037950664137	0.533206831119545	0.239089184060721	0.153700189753321
14	0.0	0.447817836812144	0.300759013282732	0.251423149905123
15	0.153700189753321	0.0825426944971537	0.226755218216319	0.537001897533207
16	0.0	0.917378917378917	0.0826210826210826	0.0
17	0.0	1.0	0.0	0.0
18	0.0	0.0	1.0	0.0
19	0.638519924098672	0.0	0.0920303605313093	0.269449715370019
20	0.562618595825427	0.0	0.369070208728653	0.0683111954459203
21	0.258992805755396	0.651593011305242	0.0894141829393628	0.0
22	0.239089184060721	0.0740037950664137	0.523719165085389	0.163187855787476
