Pos	A	C	G	T
1	0.0909090909090909	0.454545454545455	0.272727272727273	0.181818181818182
2	0.454545454545455	0.181818181818182	0.0909090909090909	0.272727272727273
3	0.272727272727273	0.181818181818182	0.0909090909090909	0.454545454545455
4	0.0909090909090909	0.909090909090909	0.0	0.0
5	0.0	0.0	0.909090909090909	0.0909090909090909
6	0.0	0.0909090909090909	0.909090909090909	0.0
7	0.363636363636364	0.272727272727273	0.272727272727273	0.0909090909090909
8	0.0909090909090909	0.272727272727273	0.363636363636364	0.272727272727273
9	0.181818181818182	0.363636363636364	0.363636363636364	0.0909090909090909
10	0.636363636363636	0.0	0.181818181818182	0.181818181818182
11	0.0909090909090909	0.727272727272727	0.181818181818182	0.0
12	0.363636363636364	0.0909090909090909	0.0	0.545454545454545
13	0.0909090909090909	0.272727272727273	0.454545454545455	0.181818181818182
14	0.0	0.181818181818182	0.0909090909090909	0.727272727272727
15	0.0909090909090909	0.545454545454545	0.181818181818182	0.181818181818182
16	0.0909090909090909	0.454545454545455	0.363636363636364	0.0909090909090909
17	0.181818181818182	0.0909090909090909	0.0909090909090909	0.636363636363636
18	0.0	0.909090909090909	0.0909090909090909	0.0
19	0.0	1.0	0.0	0.0
20	0.0	0.0	1.0	0.0
21	0.727272727272727	0.0	0.0	0.272727272727273
22	0.636363636363636	0.0	0.363636363636364	0.0
23	0.181818181818182	0.545454545454545	0.272727272727273	0.0
